Timestamp: 2024-11-01 19:17:14
Matriz de Covarianza de la posición:
[[ 1.10457667e-05 -1.52408843e-05 -4.76461128e-07]
 [-1.52408843e-05  4.30983802e-05  6.63436081e-07]
 [-4.76461128e-07  6.63436081e-07  7.51306724e-07]]

----------------------------------------
Timestamp: 2024-11-01 19:17:24
Matriz de Covarianza de la posición:
[[ 5.83343879e-05 -5.60691415e-05 -9.45929571e-08]
 [-5.60691415e-05  8.11627183e-05  4.71911702e-07]
 [-9.45929571e-08  4.71911702e-07  8.60778639e-07]]

----------------------------------------
Timestamp: 2024-11-01 19:17:34
Matriz de Covarianza de la posición:
[[ 1.62960856e-04 -8.83322412e-05  1.35093792e-06]
 [-8.83322412e-05  7.82302828e-05 -8.51182297e-08]
 [ 1.35093792e-06 -8.51182297e-08  9.23080292e-07]]

----------------------------------------
Timestamp: 2024-11-01 19:17:44
Matriz de Covarianza de la posición:
[[ 2.99368256e-04 -2.26185343e-05  5.41655454e-04]
 [-2.26185343e-05  1.43855294e-04  2.01004120e-04]
 [ 5.41655454e-04  2.01004120e-04  6.80124289e-02]]

----------------------------------------
Timestamp: 2024-11-01 19:17:54
Matriz de Covarianza de la posición:
[[ 8.26070002e-04 -4.96273726e-04 -1.78026432e-04]
 [-4.96273726e-04  8.09570294e-04 -3.44792520e-03]
 [-1.78026432e-04 -3.44792520e-03  1.87679903e-01]]

----------------------------------------
Timestamp: 2024-11-01 19:18:04
Matriz de Covarianza de la posición:
[[ 0.00071667 -0.00041028 -0.00061449]
 [-0.00041028  0.00078308 -0.00468627]
 [-0.00061449 -0.00468627  0.23098715]]

----------------------------------------
Timestamp: 2024-11-01 19:18:14
Matriz de Covarianza de la posición:
[[ 0.00074907 -0.00037988 -0.00142193]
 [-0.00037988  0.00071248 -0.00417713]
 [-0.00142193 -0.00417713  0.24336078]]

----------------------------------------
Timestamp: 2024-11-01 19:18:24
Matriz de Covarianza de la posición:
[[ 7.79632314e-04 -5.76715367e-04 -1.74134701e-03]
 [-5.76715367e-04  1.60731600e-03  2.05715678e-05]
 [-1.74134701e-03  2.05715678e-05  2.37663035e-01]]

----------------------------------------
Timestamp: 2024-11-01 19:18:34
Matriz de Covarianza de la posición:
[[ 7.78630772e-04 -5.78178383e-04 -1.75591769e-03]
 [-5.78178383e-04  1.61372878e-03  8.77372948e-05]
 [-1.75591769e-03  8.77372948e-05  2.37574758e-01]]

----------------------------------------
Timestamp: 2024-11-01 19:18:44
Matriz de Covarianza de la posición:
[[ 7.78630772e-04 -5.78178383e-04 -1.75591769e-03]
 [-5.78178383e-04  1.61372878e-03  8.77372948e-05]
 [-1.75591769e-03  8.77372948e-05  2.37574758e-01]]

----------------------------------------
Timestamp: 2024-11-01 19:18:54
Matriz de Covarianza de la posición:
[[ 7.78630772e-04 -5.78178383e-04 -1.75591769e-03]
 [-5.78178383e-04  1.61372878e-03  8.77372948e-05]
 [-1.75591769e-03  8.77372948e-05  2.37574758e-01]]

----------------------------------------
Timestamp: 2024-11-01 19:19:04
Matriz de Covarianza de la posición:
[[ 7.78630772e-04 -5.78178383e-04 -1.75591769e-03]
 [-5.78178383e-04  1.61372878e-03  8.77372948e-05]
 [-1.75591769e-03  8.77372948e-05  2.37574758e-01]]

----------------------------------------
Timestamp: 2024-11-01 19:19:14
Matriz de Covarianza de la posición:
[[ 7.78630772e-04 -5.78178383e-04 -1.75591769e-03]
 [-5.78178383e-04  1.61372878e-03  8.77372948e-05]
 [-1.75591769e-03  8.77372948e-05  2.37574758e-01]]

----------------------------------------
Timestamp: 2024-11-01 19:19:24
Matriz de Covarianza de la posición:
[[ 7.78630772e-04 -5.78178383e-04 -1.75591769e-03]
 [-5.78178383e-04  1.61372878e-03  8.77372948e-05]
 [-1.75591769e-03  8.77372948e-05  2.37574758e-01]]

----------------------------------------
Timestamp: 2024-11-01 19:19:34
Matriz de Covarianza de la posición:
[[ 7.78630772e-04 -5.78178383e-04 -1.75591769e-03]
 [-5.78178383e-04  1.61372878e-03  8.77372948e-05]
 [-1.75591769e-03  8.77372948e-05  2.37574758e-01]]

----------------------------------------
Timestamp: 2024-11-01 19:19:44
Matriz de Covarianza de la posición:
[[ 7.78630772e-04 -5.78178383e-04 -1.75591769e-03]
 [-5.78178383e-04  1.61372878e-03  8.77372948e-05]
 [-1.75591769e-03  8.77372948e-05  2.37574758e-01]]

----------------------------------------
Timestamp: 2024-11-01 19:19:54
Matriz de Covarianza de la posición:
[[ 7.78630772e-04 -5.78178383e-04 -1.75591769e-03]
 [-5.78178383e-04  1.61372878e-03  8.77372948e-05]
 [-1.75591769e-03  8.77372948e-05  2.37574758e-01]]

----------------------------------------
Timestamp: 2024-11-01 19:20:04
Matriz de Covarianza de la posición:
[[ 7.78630772e-04 -5.78178383e-04 -1.75591769e-03]
 [-5.78178383e-04  1.61372878e-03  8.77372948e-05]
 [-1.75591769e-03  8.77372948e-05  2.37574758e-01]]

----------------------------------------
Timestamp: 2024-11-01 19:20:14
Matriz de Covarianza de la posición:
[[ 7.78630772e-04 -5.78178383e-04 -1.75591769e-03]
 [-5.78178383e-04  1.61372878e-03  8.77372948e-05]
 [-1.75591769e-03  8.77372948e-05  2.37574758e-01]]

----------------------------------------
Timestamp: 2024-11-01 19:20:24
Matriz de Covarianza de la posición:
[[ 7.78630772e-04 -5.78178383e-04 -1.75591769e-03]
 [-5.78178383e-04  1.61372878e-03  8.77372948e-05]
 [-1.75591769e-03  8.77372948e-05  2.37574758e-01]]

----------------------------------------
Timestamp: 2024-11-01 19:20:34
Matriz de Covarianza de la posición:
[[ 7.78630772e-04 -5.78178383e-04 -1.75591769e-03]
 [-5.78178383e-04  1.61372878e-03  8.77372948e-05]
 [-1.75591769e-03  8.77372948e-05  2.37574758e-01]]

----------------------------------------
Timestamp: 2024-11-01 19:20:44
Matriz de Covarianza de la posición:
[[ 7.78630772e-04 -5.78178383e-04 -1.75591769e-03]
 [-5.78178383e-04  1.61372878e-03  8.77372948e-05]
 [-1.75591769e-03  8.77372948e-05  2.37574758e-01]]

----------------------------------------
Timestamp: 2024-11-01 19:20:54
Matriz de Covarianza de la posición:
[[ 7.78630772e-04 -5.78178383e-04 -1.75591769e-03]
 [-5.78178383e-04  1.61372878e-03  8.77372948e-05]
 [-1.75591769e-03  8.77372948e-05  2.37574758e-01]]

----------------------------------------
Timestamp: 2024-11-01 19:21:04
Matriz de Covarianza de la posición:
[[ 7.78630772e-04 -5.78178383e-04 -1.75591769e-03]
 [-5.78178383e-04  1.61372878e-03  8.77372948e-05]
 [-1.75591769e-03  8.77372948e-05  2.37574758e-01]]

----------------------------------------
Timestamp: 2024-11-01 19:21:14
Matriz de Covarianza de la posición:
[[ 7.78630772e-04 -5.78178383e-04 -1.75591769e-03]
 [-5.78178383e-04  1.61372878e-03  8.77372948e-05]
 [-1.75591769e-03  8.77372948e-05  2.37574758e-01]]

----------------------------------------
Timestamp: 2024-11-01 19:21:24
Matriz de Covarianza de la posición:
[[ 7.78630772e-04 -5.78178383e-04 -1.75591769e-03]
 [-5.78178383e-04  1.61372878e-03  8.77372948e-05]
 [-1.75591769e-03  8.77372948e-05  2.37574758e-01]]

----------------------------------------
Timestamp: 2024-11-01 19:21:34
Matriz de Covarianza de la posición:
[[ 7.78630772e-04 -5.78178383e-04 -1.75591769e-03]
 [-5.78178383e-04  1.61372878e-03  8.77372948e-05]
 [-1.75591769e-03  8.77372948e-05  2.37574758e-01]]

----------------------------------------
Timestamp: 2024-11-01 19:21:44
Matriz de Covarianza de la posición:
[[ 7.78630772e-04 -5.78178383e-04 -1.75591769e-03]
 [-5.78178383e-04  1.61372878e-03  8.77372948e-05]
 [-1.75591769e-03  8.77372948e-05  2.37574758e-01]]

----------------------------------------
Timestamp: 2024-11-01 19:21:54
Matriz de Covarianza de la posición:
[[ 7.78630772e-04 -5.78178383e-04 -1.75591769e-03]
 [-5.78178383e-04  1.61372878e-03  8.77372948e-05]
 [-1.75591769e-03  8.77372948e-05  2.37574758e-01]]

----------------------------------------
Timestamp: 2024-11-01 19:22:04
Matriz de Covarianza de la posición:
[[ 7.78630772e-04 -5.78178383e-04 -1.75591769e-03]
 [-5.78178383e-04  1.61372878e-03  8.77372948e-05]
 [-1.75591769e-03  8.77372948e-05  2.37574758e-01]]

----------------------------------------
Timestamp: 2024-11-01 19:22:14
Matriz de Covarianza de la posición:
[[ 7.78630772e-04 -5.78178383e-04 -1.75591769e-03]
 [-5.78178383e-04  1.61372878e-03  8.77372948e-05]
 [-1.75591769e-03  8.77372948e-05  2.37574758e-01]]

----------------------------------------
Timestamp: 2024-11-01 19:22:24
Matriz de Covarianza de la posición:
[[ 7.78630772e-04 -5.78178383e-04 -1.75591769e-03]
 [-5.78178383e-04  1.61372878e-03  8.77372948e-05]
 [-1.75591769e-03  8.77372948e-05  2.37574758e-01]]

----------------------------------------
Timestamp: 2024-11-01 19:22:34
Matriz de Covarianza de la posición:
[[ 7.78630772e-04 -5.78178383e-04 -1.75591769e-03]
 [-5.78178383e-04  1.61372878e-03  8.77372948e-05]
 [-1.75591769e-03  8.77372948e-05  2.37574758e-01]]

----------------------------------------
Timestamp: 2024-11-01 19:22:44
Matriz de Covarianza de la posición:
[[ 7.78630772e-04 -5.78178383e-04 -1.75591769e-03]
 [-5.78178383e-04  1.61372878e-03  8.77372948e-05]
 [-1.75591769e-03  8.77372948e-05  2.37574758e-01]]

----------------------------------------
Timestamp: 2024-11-01 19:22:54
Matriz de Covarianza de la posición:
[[ 7.78630772e-04 -5.78178383e-04 -1.75591769e-03]
 [-5.78178383e-04  1.61372878e-03  8.77372948e-05]
 [-1.75591769e-03  8.77372948e-05  2.37574758e-01]]

----------------------------------------
Timestamp: 2024-11-01 19:23:04
Matriz de Covarianza de la posición:
[[ 7.78630772e-04 -5.78178383e-04 -1.75591769e-03]
 [-5.78178383e-04  1.61372878e-03  8.77372948e-05]
 [-1.75591769e-03  8.77372948e-05  2.37574758e-01]]

----------------------------------------
Timestamp: 2024-11-01 19:23:14
Matriz de Covarianza de la posición:
[[ 7.78630772e-04 -5.78178383e-04 -1.75591769e-03]
 [-5.78178383e-04  1.61372878e-03  8.77372948e-05]
 [-1.75591769e-03  8.77372948e-05  2.37574758e-01]]

----------------------------------------
Timestamp: 2024-11-01 19:23:24
Matriz de Covarianza de la posición:
[[ 7.78630772e-04 -5.78178383e-04 -1.75591769e-03]
 [-5.78178383e-04  1.61372878e-03  8.77372948e-05]
 [-1.75591769e-03  8.77372948e-05  2.37574758e-01]]

----------------------------------------
Timestamp: 2024-11-01 19:23:34
Matriz de Covarianza de la posición:
[[ 7.78630772e-04 -5.78178383e-04 -1.75591769e-03]
 [-5.78178383e-04  1.61372878e-03  8.77372948e-05]
 [-1.75591769e-03  8.77372948e-05  2.37574758e-01]]

----------------------------------------
Timestamp: 2024-11-01 19:23:44
Matriz de Covarianza de la posición:
[[ 7.78630772e-04 -5.78178383e-04 -1.75591769e-03]
 [-5.78178383e-04  1.61372878e-03  8.77372948e-05]
 [-1.75591769e-03  8.77372948e-05  2.37574758e-01]]

----------------------------------------
Timestamp: 2024-11-01 19:23:54
Matriz de Covarianza de la posición:
[[ 7.78630772e-04 -5.78178383e-04 -1.75591769e-03]
 [-5.78178383e-04  1.61372878e-03  8.77372948e-05]
 [-1.75591769e-03  8.77372948e-05  2.37574758e-01]]

----------------------------------------
Timestamp: 2024-11-01 19:24:04
Matriz de Covarianza de la posición:
[[ 7.78630772e-04 -5.78178383e-04 -1.75591769e-03]
 [-5.78178383e-04  1.61372878e-03  8.77372948e-05]
 [-1.75591769e-03  8.77372948e-05  2.37574758e-01]]

----------------------------------------
Timestamp: 2024-11-01 19:24:14
Matriz de Covarianza de la posición:
[[ 7.78630772e-04 -5.78178383e-04 -1.75591769e-03]
 [-5.78178383e-04  1.61372878e-03  8.77372948e-05]
 [-1.75591769e-03  8.77372948e-05  2.37574758e-01]]

----------------------------------------
Timestamp: 2024-11-01 19:24:24
Matriz de Covarianza de la posición:
[[ 7.78630772e-04 -5.78178383e-04 -1.75591769e-03]
 [-5.78178383e-04  1.61372878e-03  8.77372948e-05]
 [-1.75591769e-03  8.77372948e-05  2.37574758e-01]]

----------------------------------------
Timestamp: 2024-11-01 19:24:34
Matriz de Covarianza de la posición:
[[ 7.78630772e-04 -5.78178383e-04 -1.75591769e-03]
 [-5.78178383e-04  1.61372878e-03  8.77372948e-05]
 [-1.75591769e-03  8.77372948e-05  2.37574758e-01]]

----------------------------------------
Timestamp: 2024-11-01 19:24:44
Matriz de Covarianza de la posición:
[[ 7.78630772e-04 -5.78178383e-04 -1.75591769e-03]
 [-5.78178383e-04  1.61372878e-03  8.77372948e-05]
 [-1.75591769e-03  8.77372948e-05  2.37574758e-01]]

----------------------------------------
Timestamp: 2024-11-01 19:24:54
Matriz de Covarianza de la posición:
[[ 7.78630772e-04 -5.78178383e-04 -1.75591769e-03]
 [-5.78178383e-04  1.61372878e-03  8.77372948e-05]
 [-1.75591769e-03  8.77372948e-05  2.37574758e-01]]

----------------------------------------
Timestamp: 2024-11-01 19:25:04
Matriz de Covarianza de la posición:
[[ 7.78630772e-04 -5.78178383e-04 -1.75591769e-03]
 [-5.78178383e-04  1.61372878e-03  8.77372948e-05]
 [-1.75591769e-03  8.77372948e-05  2.37574758e-01]]

----------------------------------------
Timestamp: 2024-11-01 19:25:14
Matriz de Covarianza de la posición:
[[ 7.78630772e-04 -5.78178383e-04 -1.75591769e-03]
 [-5.78178383e-04  1.61372878e-03  8.77372948e-05]
 [-1.75591769e-03  8.77372948e-05  2.37574758e-01]]

----------------------------------------
Timestamp: 2024-11-01 19:25:24
Matriz de Covarianza de la posición:
[[ 7.78630772e-04 -5.78178383e-04 -1.75591769e-03]
 [-5.78178383e-04  1.61372878e-03  8.77372948e-05]
 [-1.75591769e-03  8.77372948e-05  2.37574758e-01]]

----------------------------------------
Timestamp: 2024-11-01 19:25:34
Matriz de Covarianza de la posición:
[[ 7.78630772e-04 -5.78178383e-04 -1.75591769e-03]
 [-5.78178383e-04  1.61372878e-03  8.77372948e-05]
 [-1.75591769e-03  8.77372948e-05  2.37574758e-01]]

----------------------------------------
Timestamp: 2024-11-01 19:25:44
Matriz de Covarianza de la posición:
[[ 7.78630772e-04 -5.78178383e-04 -1.75591769e-03]
 [-5.78178383e-04  1.61372878e-03  8.77372948e-05]
 [-1.75591769e-03  8.77372948e-05  2.37574758e-01]]

----------------------------------------
Timestamp: 2024-11-01 19:25:54
Matriz de Covarianza de la posición:
[[ 7.78630772e-04 -5.78178383e-04 -1.75591769e-03]
 [-5.78178383e-04  1.61372878e-03  8.77372948e-05]
 [-1.75591769e-03  8.77372948e-05  2.37574758e-01]]

----------------------------------------
Timestamp: 2024-11-01 19:26:04
Matriz de Covarianza de la posición:
[[ 7.78630772e-04 -5.78178383e-04 -1.75591769e-03]
 [-5.78178383e-04  1.61372878e-03  8.77372948e-05]
 [-1.75591769e-03  8.77372948e-05  2.37574758e-01]]

----------------------------------------
Timestamp: 2024-11-01 19:26:14
Matriz de Covarianza de la posición:
[[ 7.78630772e-04 -5.78178383e-04 -1.75591769e-03]
 [-5.78178383e-04  1.61372878e-03  8.77372948e-05]
 [-1.75591769e-03  8.77372948e-05  2.37574758e-01]]

----------------------------------------
Timestamp: 2024-11-01 19:26:24
Matriz de Covarianza de la posición:
[[ 7.78630772e-04 -5.78178383e-04 -1.75591769e-03]
 [-5.78178383e-04  1.61372878e-03  8.77372948e-05]
 [-1.75591769e-03  8.77372948e-05  2.37574758e-01]]

----------------------------------------
Timestamp: 2024-11-01 19:26:34
Matriz de Covarianza de la posición:
[[ 7.78630772e-04 -5.78178383e-04 -1.75591769e-03]
 [-5.78178383e-04  1.61372878e-03  8.77372948e-05]
 [-1.75591769e-03  8.77372948e-05  2.37574758e-01]]

----------------------------------------
Timestamp: 2024-11-01 19:26:44
Matriz de Covarianza de la posición:
[[ 7.78630772e-04 -5.78178383e-04 -1.75591769e-03]
 [-5.78178383e-04  1.61372878e-03  8.77372948e-05]
 [-1.75591769e-03  8.77372948e-05  2.37574758e-01]]

----------------------------------------
Timestamp: 2024-11-01 19:26:54
Matriz de Covarianza de la posición:
[[ 7.78630772e-04 -5.78178383e-04 -1.75591769e-03]
 [-5.78178383e-04  1.61372878e-03  8.77372948e-05]
 [-1.75591769e-03  8.77372948e-05  2.37574758e-01]]

----------------------------------------
Timestamp: 2024-11-01 19:27:04
Matriz de Covarianza de la posición:
[[ 7.78630772e-04 -5.78178383e-04 -1.75591769e-03]
 [-5.78178383e-04  1.61372878e-03  8.77372948e-05]
 [-1.75591769e-03  8.77372948e-05  2.37574758e-01]]

----------------------------------------
Timestamp: 2024-11-01 19:27:14
Matriz de Covarianza de la posición:
[[ 7.78630772e-04 -5.78178383e-04 -1.75591769e-03]
 [-5.78178383e-04  1.61372878e-03  8.77372948e-05]
 [-1.75591769e-03  8.77372948e-05  2.37574758e-01]]

----------------------------------------
Timestamp: 2024-11-01 19:27:24
Matriz de Covarianza de la posición:
[[ 7.78630772e-04 -5.78178383e-04 -1.75591769e-03]
 [-5.78178383e-04  1.61372878e-03  8.77372948e-05]
 [-1.75591769e-03  8.77372948e-05  2.37574758e-01]]

----------------------------------------
Timestamp: 2024-11-01 19:27:34
Matriz de Covarianza de la posición:
[[ 7.78630772e-04 -5.78178383e-04 -1.75591769e-03]
 [-5.78178383e-04  1.61372878e-03  8.77372948e-05]
 [-1.75591769e-03  8.77372948e-05  2.37574758e-01]]

----------------------------------------
Timestamp: 2024-11-01 19:28:07
Matriz de Covarianza de la posición:
[[ 34.47534062 -28.34993941   3.35528606]
 [-28.34993941  23.35636559  -2.76582616]
 [  3.35528606  -2.76582616   0.32758077]]

----------------------------------------
Timestamp: 2024-11-01 19:28:17
Matriz de Covarianza de la posición:
[[ 308.09628292 -219.22715435   23.57932626]
 [-219.22715435  156.42858541  -16.86564491]
 [  23.57932626  -16.86564491    1.82240411]]

----------------------------------------
