Timestamp: 2024-11-01 18:23:47
Matriz de Covarianza de la posición:
[[ 1.11740271e-05 -1.56238693e-05 -4.76066429e-07]
 [-1.56238693e-05  4.33203945e-05  6.39688384e-07]
 [-4.76066429e-07  6.39688384e-07  7.52414378e-07]]

----------------------------------------
Timestamp: 2024-11-01 18:25:46
Matriz de Covarianza de la posición:
[[ 1.10457667e-05 -1.52408843e-05 -4.76461128e-07]
 [-1.52408843e-05  4.30983802e-05  6.63436081e-07]
 [-4.76461128e-07  6.63436081e-07  7.51306724e-07]]

----------------------------------------
Timestamp: 2024-11-01 18:25:56
Matriz de Covarianza de la posición:
[[ 5.83343879e-05 -5.60691415e-05 -9.45929571e-08]
 [-5.60691415e-05  8.11627183e-05  4.71911702e-07]
 [-9.45929571e-08  4.71911702e-07  8.60778639e-07]]

----------------------------------------
Timestamp: 2024-11-01 18:26:06
Matriz de Covarianza de la posición:
[[ 1.62960856e-04 -8.83322412e-05  1.35093792e-06]
 [-8.83322412e-05  7.82302828e-05 -8.51182297e-08]
 [ 1.35093792e-06 -8.51182297e-08  9.23080292e-07]]

----------------------------------------
Timestamp: 2024-11-01 18:26:16
Matriz de Covarianza de la posición:
[[ 2.99368256e-04 -2.26185343e-05  5.41655454e-04]
 [-2.26185343e-05  1.43855294e-04  2.01004120e-04]
 [ 5.41655454e-04  2.01004120e-04  6.80124289e-02]]

----------------------------------------
Timestamp: 2024-11-01 18:26:26
Matriz de Covarianza de la posición:
[[ 8.26070002e-04 -4.96273726e-04 -1.78026432e-04]
 [-4.96273726e-04  8.09570294e-04 -3.44792520e-03]
 [-1.78026432e-04 -3.44792520e-03  1.87679903e-01]]

----------------------------------------
Timestamp: 2024-11-01 18:26:36
Matriz de Covarianza de la posición:
[[ 0.00071667 -0.00041028 -0.00061449]
 [-0.00041028  0.00078308 -0.00468627]
 [-0.00061449 -0.00468627  0.23098715]]

----------------------------------------
Timestamp: 2024-11-01 18:26:46
Matriz de Covarianza de la posición:
[[ 0.00074907 -0.00037988 -0.00142193]
 [-0.00037988  0.00071248 -0.00417713]
 [-0.00142193 -0.00417713  0.24336078]]

----------------------------------------
Timestamp: 2024-11-01 18:26:56
Matriz de Covarianza de la posición:
[[ 7.79632314e-04 -5.76715367e-04 -1.74134701e-03]
 [-5.76715367e-04  1.60731600e-03  2.05715678e-05]
 [-1.74134701e-03  2.05715678e-05  2.37663035e-01]]

----------------------------------------
Timestamp: 2024-11-01 18:27:06
Matriz de Covarianza de la posición:
[[ 7.78630772e-04 -5.78178383e-04 -1.75591769e-03]
 [-5.78178383e-04  1.61372878e-03  8.77372948e-05]
 [-1.75591769e-03  8.77372948e-05  2.37574758e-01]]

----------------------------------------
Timestamp: 2024-11-01 18:27:16
Matriz de Covarianza de la posición:
[[ 7.78630772e-04 -5.78178383e-04 -1.75591769e-03]
 [-5.78178383e-04  1.61372878e-03  8.77372948e-05]
 [-1.75591769e-03  8.77372948e-05  2.37574758e-01]]

----------------------------------------
Timestamp: 2024-11-01 18:27:26
Matriz de Covarianza de la posición:
[[ 7.78630772e-04 -5.78178383e-04 -1.75591769e-03]
 [-5.78178383e-04  1.61372878e-03  8.77372948e-05]
 [-1.75591769e-03  8.77372948e-05  2.37574758e-01]]

----------------------------------------
Timestamp: 2024-11-01 18:27:36
Matriz de Covarianza de la posición:
[[ 7.78630772e-04 -5.78178383e-04 -1.75591769e-03]
 [-5.78178383e-04  1.61372878e-03  8.77372948e-05]
 [-1.75591769e-03  8.77372948e-05  2.37574758e-01]]

----------------------------------------
Timestamp: 2024-11-01 18:27:46
Matriz de Covarianza de la posición:
[[ 7.78630772e-04 -5.78178383e-04 -1.75591769e-03]
 [-5.78178383e-04  1.61372878e-03  8.77372948e-05]
 [-1.75591769e-03  8.77372948e-05  2.37574758e-01]]

----------------------------------------
Timestamp: 2024-11-01 18:27:56
Matriz de Covarianza de la posición:
[[ 7.78630772e-04 -5.78178383e-04 -1.75591769e-03]
 [-5.78178383e-04  1.61372878e-03  8.77372948e-05]
 [-1.75591769e-03  8.77372948e-05  2.37574758e-01]]

----------------------------------------
Timestamp: 2024-11-01 18:28:06
Matriz de Covarianza de la posición:
[[ 7.78630772e-04 -5.78178383e-04 -1.75591769e-03]
 [-5.78178383e-04  1.61372878e-03  8.77372948e-05]
 [-1.75591769e-03  8.77372948e-05  2.37574758e-01]]

----------------------------------------
Timestamp: 2024-11-01 18:28:16
Matriz de Covarianza de la posición:
[[ 7.78630772e-04 -5.78178383e-04 -1.75591769e-03]
 [-5.78178383e-04  1.61372878e-03  8.77372948e-05]
 [-1.75591769e-03  8.77372948e-05  2.37574758e-01]]

----------------------------------------
Timestamp: 2024-11-01 18:28:26
Matriz de Covarianza de la posición:
[[ 7.78630772e-04 -5.78178383e-04 -1.75591769e-03]
 [-5.78178383e-04  1.61372878e-03  8.77372948e-05]
 [-1.75591769e-03  8.77372948e-05  2.37574758e-01]]

----------------------------------------
Timestamp: 2024-11-01 18:28:36
Matriz de Covarianza de la posición:
[[ 7.78630772e-04 -5.78178383e-04 -1.75591769e-03]
 [-5.78178383e-04  1.61372878e-03  8.77372948e-05]
 [-1.75591769e-03  8.77372948e-05  2.37574758e-01]]

----------------------------------------
Timestamp: 2024-11-01 18:28:46
Matriz de Covarianza de la posición:
[[ 7.78630772e-04 -5.78178383e-04 -1.75591769e-03]
 [-5.78178383e-04  1.61372878e-03  8.77372948e-05]
 [-1.75591769e-03  8.77372948e-05  2.37574758e-01]]

----------------------------------------
Timestamp: 2024-11-01 18:28:56
Matriz de Covarianza de la posición:
[[ 7.78630772e-04 -5.78178383e-04 -1.75591769e-03]
 [-5.78178383e-04  1.61372878e-03  8.77372948e-05]
 [-1.75591769e-03  8.77372948e-05  2.37574758e-01]]

----------------------------------------
Timestamp: 2024-11-01 18:29:06
Matriz de Covarianza de la posición:
[[ 7.78630772e-04 -5.78178383e-04 -1.75591769e-03]
 [-5.78178383e-04  1.61372878e-03  8.77372948e-05]
 [-1.75591769e-03  8.77372948e-05  2.37574758e-01]]

----------------------------------------
Timestamp: 2024-11-01 18:29:16
Matriz de Covarianza de la posición:
[[ 7.78630772e-04 -5.78178383e-04 -1.75591769e-03]
 [-5.78178383e-04  1.61372878e-03  8.77372948e-05]
 [-1.75591769e-03  8.77372948e-05  2.37574758e-01]]

----------------------------------------
Timestamp: 2024-11-01 18:29:26
Matriz de Covarianza de la posición:
[[ 7.78630772e-04 -5.78178383e-04 -1.75591769e-03]
 [-5.78178383e-04  1.61372878e-03  8.77372948e-05]
 [-1.75591769e-03  8.77372948e-05  2.37574758e-01]]

----------------------------------------
Timestamp: 2024-11-01 18:29:36
Matriz de Covarianza de la posición:
[[ 7.78630772e-04 -5.78178383e-04 -1.75591769e-03]
 [-5.78178383e-04  1.61372878e-03  8.77372948e-05]
 [-1.75591769e-03  8.77372948e-05  2.37574758e-01]]

----------------------------------------
Timestamp: 2024-11-01 18:29:46
Matriz de Covarianza de la posición:
[[ 7.78630772e-04 -5.78178383e-04 -1.75591769e-03]
 [-5.78178383e-04  1.61372878e-03  8.77372948e-05]
 [-1.75591769e-03  8.77372948e-05  2.37574758e-01]]

----------------------------------------
Timestamp: 2024-11-01 18:29:56
Matriz de Covarianza de la posición:
[[ 7.78630772e-04 -5.78178383e-04 -1.75591769e-03]
 [-5.78178383e-04  1.61372878e-03  8.77372948e-05]
 [-1.75591769e-03  8.77372948e-05  2.37574758e-01]]

----------------------------------------
Timestamp: 2024-11-01 18:30:06
Matriz de Covarianza de la posición:
[[ 7.78630772e-04 -5.78178383e-04 -1.75591769e-03]
 [-5.78178383e-04  1.61372878e-03  8.77372948e-05]
 [-1.75591769e-03  8.77372948e-05  2.37574758e-01]]

----------------------------------------
Timestamp: 2024-11-01 18:30:16
Matriz de Covarianza de la posición:
[[ 7.78630772e-04 -5.78178383e-04 -1.75591769e-03]
 [-5.78178383e-04  1.61372878e-03  8.77372948e-05]
 [-1.75591769e-03  8.77372948e-05  2.37574758e-01]]

----------------------------------------
Timestamp: 2024-11-01 18:30:26
Matriz de Covarianza de la posición:
[[ 7.78630772e-04 -5.78178383e-04 -1.75591769e-03]
 [-5.78178383e-04  1.61372878e-03  8.77372948e-05]
 [-1.75591769e-03  8.77372948e-05  2.37574758e-01]]

----------------------------------------
Timestamp: 2024-11-01 18:30:36
Matriz de Covarianza de la posición:
[[ 7.78630772e-04 -5.78178383e-04 -1.75591769e-03]
 [-5.78178383e-04  1.61372878e-03  8.77372948e-05]
 [-1.75591769e-03  8.77372948e-05  2.37574758e-01]]

----------------------------------------
Timestamp: 2024-11-01 18:30:46
Matriz de Covarianza de la posición:
[[ 7.78630772e-04 -5.78178383e-04 -1.75591769e-03]
 [-5.78178383e-04  1.61372878e-03  8.77372948e-05]
 [-1.75591769e-03  8.77372948e-05  2.37574758e-01]]

----------------------------------------
Timestamp: 2024-11-01 18:30:56
Matriz de Covarianza de la posición:
[[ 7.78630772e-04 -5.78178383e-04 -1.75591769e-03]
 [-5.78178383e-04  1.61372878e-03  8.77372948e-05]
 [-1.75591769e-03  8.77372948e-05  2.37574758e-01]]

----------------------------------------
Timestamp: 2024-11-01 18:31:06
Matriz de Covarianza de la posición:
[[ 7.78630772e-04 -5.78178383e-04 -1.75591769e-03]
 [-5.78178383e-04  1.61372878e-03  8.77372948e-05]
 [-1.75591769e-03  8.77372948e-05  2.37574758e-01]]

----------------------------------------
Timestamp: 2024-11-01 18:31:16
Matriz de Covarianza de la posición:
[[ 7.78630772e-04 -5.78178383e-04 -1.75591769e-03]
 [-5.78178383e-04  1.61372878e-03  8.77372948e-05]
 [-1.75591769e-03  8.77372948e-05  2.37574758e-01]]

----------------------------------------
Timestamp: 2024-11-01 18:31:26
Matriz de Covarianza de la posición:
[[ 7.78630772e-04 -5.78178383e-04 -1.75591769e-03]
 [-5.78178383e-04  1.61372878e-03  8.77372948e-05]
 [-1.75591769e-03  8.77372948e-05  2.37574758e-01]]

----------------------------------------
Timestamp: 2024-11-01 18:31:36
Matriz de Covarianza de la posición:
[[ 7.78630772e-04 -5.78178383e-04 -1.75591769e-03]
 [-5.78178383e-04  1.61372878e-03  8.77372948e-05]
 [-1.75591769e-03  8.77372948e-05  2.37574758e-01]]

----------------------------------------
Timestamp: 2024-11-01 18:31:46
Matriz de Covarianza de la posición:
[[ 7.78630772e-04 -5.78178383e-04 -1.75591769e-03]
 [-5.78178383e-04  1.61372878e-03  8.77372948e-05]
 [-1.75591769e-03  8.77372948e-05  2.37574758e-01]]

----------------------------------------
Timestamp: 2024-11-01 18:31:56
Matriz de Covarianza de la posición:
[[ 7.78630772e-04 -5.78178383e-04 -1.75591769e-03]
 [-5.78178383e-04  1.61372878e-03  8.77372948e-05]
 [-1.75591769e-03  8.77372948e-05  2.37574758e-01]]

----------------------------------------
Timestamp: 2024-11-01 18:32:06
Matriz de Covarianza de la posición:
[[ 7.78630772e-04 -5.78178383e-04 -1.75591769e-03]
 [-5.78178383e-04  1.61372878e-03  8.77372948e-05]
 [-1.75591769e-03  8.77372948e-05  2.37574758e-01]]

----------------------------------------
Timestamp: 2024-11-01 18:32:16
Matriz de Covarianza de la posición:
[[ 7.78630772e-04 -5.78178383e-04 -1.75591769e-03]
 [-5.78178383e-04  1.61372878e-03  8.77372948e-05]
 [-1.75591769e-03  8.77372948e-05  2.37574758e-01]]

----------------------------------------
Timestamp: 2024-11-01 18:32:26
Matriz de Covarianza de la posición:
[[ 7.78630772e-04 -5.78178383e-04 -1.75591769e-03]
 [-5.78178383e-04  1.61372878e-03  8.77372948e-05]
 [-1.75591769e-03  8.77372948e-05  2.37574758e-01]]

----------------------------------------
Timestamp: 2024-11-01 18:32:36
Matriz de Covarianza de la posición:
[[ 7.78630772e-04 -5.78178383e-04 -1.75591769e-03]
 [-5.78178383e-04  1.61372878e-03  8.77372948e-05]
 [-1.75591769e-03  8.77372948e-05  2.37574758e-01]]

----------------------------------------
Timestamp: 2024-11-01 18:32:46
Matriz de Covarianza de la posición:
[[ 7.78630772e-04 -5.78178383e-04 -1.75591769e-03]
 [-5.78178383e-04  1.61372878e-03  8.77372948e-05]
 [-1.75591769e-03  8.77372948e-05  2.37574758e-01]]

----------------------------------------
Timestamp: 2024-11-01 18:32:56
Matriz de Covarianza de la posición:
[[ 7.78630772e-04 -5.78178383e-04 -1.75591769e-03]
 [-5.78178383e-04  1.61372878e-03  8.77372948e-05]
 [-1.75591769e-03  8.77372948e-05  2.37574758e-01]]

----------------------------------------
Timestamp: 2024-11-01 18:33:06
Matriz de Covarianza de la posición:
[[ 7.78630772e-04 -5.78178383e-04 -1.75591769e-03]
 [-5.78178383e-04  1.61372878e-03  8.77372948e-05]
 [-1.75591769e-03  8.77372948e-05  2.37574758e-01]]

----------------------------------------
Timestamp: 2024-11-01 18:33:16
Matriz de Covarianza de la posición:
[[ 7.78630772e-04 -5.78178383e-04 -1.75591769e-03]
 [-5.78178383e-04  1.61372878e-03  8.77372948e-05]
 [-1.75591769e-03  8.77372948e-05  2.37574758e-01]]

----------------------------------------
Timestamp: 2024-11-01 18:33:26
Matriz de Covarianza de la posición:
[[ 7.78630772e-04 -5.78178383e-04 -1.75591769e-03]
 [-5.78178383e-04  1.61372878e-03  8.77372948e-05]
 [-1.75591769e-03  8.77372948e-05  2.37574758e-01]]

----------------------------------------
Timestamp: 2024-11-01 18:33:36
Matriz de Covarianza de la posición:
[[ 7.78630772e-04 -5.78178383e-04 -1.75591769e-03]
 [-5.78178383e-04  1.61372878e-03  8.77372948e-05]
 [-1.75591769e-03  8.77372948e-05  2.37574758e-01]]

----------------------------------------
Timestamp: 2024-11-01 18:33:46
Matriz de Covarianza de la posición:
[[ 7.78630772e-04 -5.78178383e-04 -1.75591769e-03]
 [-5.78178383e-04  1.61372878e-03  8.77372948e-05]
 [-1.75591769e-03  8.77372948e-05  2.37574758e-01]]

----------------------------------------
Timestamp: 2024-11-01 18:33:56
Matriz de Covarianza de la posición:
[[ 7.78630772e-04 -5.78178383e-04 -1.75591769e-03]
 [-5.78178383e-04  1.61372878e-03  8.77372948e-05]
 [-1.75591769e-03  8.77372948e-05  2.37574758e-01]]

----------------------------------------
Timestamp: 2024-11-01 18:34:06
Matriz de Covarianza de la posición:
[[ 7.78630772e-04 -5.78178383e-04 -1.75591769e-03]
 [-5.78178383e-04  1.61372878e-03  8.77372948e-05]
 [-1.75591769e-03  8.77372948e-05  2.37574758e-01]]

----------------------------------------
Timestamp: 2024-11-01 18:34:16
Matriz de Covarianza de la posición:
[[ 7.78630772e-04 -5.78178383e-04 -1.75591769e-03]
 [-5.78178383e-04  1.61372878e-03  8.77372948e-05]
 [-1.75591769e-03  8.77372948e-05  2.37574758e-01]]

----------------------------------------
Timestamp: 2024-11-01 18:34:26
Matriz de Covarianza de la posición:
[[ 7.78630772e-04 -5.78178383e-04 -1.75591769e-03]
 [-5.78178383e-04  1.61372878e-03  8.77372948e-05]
 [-1.75591769e-03  8.77372948e-05  2.37574758e-01]]

----------------------------------------
Timestamp: 2024-11-01 18:34:36
Matriz de Covarianza de la posición:
[[ 7.78630772e-04 -5.78178383e-04 -1.75591769e-03]
 [-5.78178383e-04  1.61372878e-03  8.77372948e-05]
 [-1.75591769e-03  8.77372948e-05  2.37574758e-01]]

----------------------------------------
Timestamp: 2024-11-01 18:34:46
Matriz de Covarianza de la posición:
[[ 7.78630772e-04 -5.78178383e-04 -1.75591769e-03]
 [-5.78178383e-04  1.61372878e-03  8.77372948e-05]
 [-1.75591769e-03  8.77372948e-05  2.37574758e-01]]

----------------------------------------
Timestamp: 2024-11-01 18:34:56
Matriz de Covarianza de la posición:
[[ 7.78630772e-04 -5.78178383e-04 -1.75591769e-03]
 [-5.78178383e-04  1.61372878e-03  8.77372948e-05]
 [-1.75591769e-03  8.77372948e-05  2.37574758e-01]]

----------------------------------------
Timestamp: 2024-11-01 18:35:06
Matriz de Covarianza de la posición:
[[ 7.78630772e-04 -5.78178383e-04 -1.75591769e-03]
 [-5.78178383e-04  1.61372878e-03  8.77372948e-05]
 [-1.75591769e-03  8.77372948e-05  2.37574758e-01]]

----------------------------------------
Timestamp: 2024-11-01 18:35:16
Matriz de Covarianza de la posición:
[[ 7.78630772e-04 -5.78178383e-04 -1.75591769e-03]
 [-5.78178383e-04  1.61372878e-03  8.77372948e-05]
 [-1.75591769e-03  8.77372948e-05  2.37574758e-01]]

----------------------------------------
Timestamp: 2024-11-01 18:35:26
Matriz de Covarianza de la posición:
[[ 7.78630772e-04 -5.78178383e-04 -1.75591769e-03]
 [-5.78178383e-04  1.61372878e-03  8.77372948e-05]
 [-1.75591769e-03  8.77372948e-05  2.37574758e-01]]

----------------------------------------
Timestamp: 2024-11-01 18:35:36
Matriz de Covarianza de la posición:
[[ 7.78630772e-04 -5.78178383e-04 -1.75591769e-03]
 [-5.78178383e-04  1.61372878e-03  8.77372948e-05]
 [-1.75591769e-03  8.77372948e-05  2.37574758e-01]]

----------------------------------------
Timestamp: 2024-11-01 18:35:46
Matriz de Covarianza de la posición:
[[ 7.78630772e-04 -5.78178383e-04 -1.75591769e-03]
 [-5.78178383e-04  1.61372878e-03  8.77372948e-05]
 [-1.75591769e-03  8.77372948e-05  2.37574758e-01]]

----------------------------------------
Timestamp: 2024-11-01 18:35:56
Matriz de Covarianza de la posición:
[[ 7.78630772e-04 -5.78178383e-04 -1.75591769e-03]
 [-5.78178383e-04  1.61372878e-03  8.77372948e-05]
 [-1.75591769e-03  8.77372948e-05  2.37574758e-01]]

----------------------------------------
Timestamp: 2024-11-01 18:36:06
Matriz de Covarianza de la posición:
[[ 7.78630772e-04 -5.78178383e-04 -1.75591769e-03]
 [-5.78178383e-04  1.61372878e-03  8.77372948e-05]
 [-1.75591769e-03  8.77372948e-05  2.37574758e-01]]

----------------------------------------
Timestamp: 2024-11-01 18:36:16
Matriz de Covarianza de la posición:
[[ 7.78630772e-04 -5.78178383e-04 -1.75591769e-03]
 [-5.78178383e-04  1.61372878e-03  8.77372948e-05]
 [-1.75591769e-03  8.77372948e-05  2.37574758e-01]]

----------------------------------------
Timestamp: 2024-11-01 18:36:26
Matriz de Covarianza de la posición:
[[ 7.78630772e-04 -5.78178383e-04 -1.75591769e-03]
 [-5.78178383e-04  1.61372878e-03  8.77372948e-05]
 [-1.75591769e-03  8.77372948e-05  2.37574758e-01]]

----------------------------------------
Timestamp: 2024-11-01 18:36:36
Matriz de Covarianza de la posición:
[[ 7.78630772e-04 -5.78178383e-04 -1.75591769e-03]
 [-5.78178383e-04  1.61372878e-03  8.77372948e-05]
 [-1.75591769e-03  8.77372948e-05  2.37574758e-01]]

----------------------------------------
Timestamp: 2024-11-01 18:36:46
Matriz de Covarianza de la posición:
[[ 7.78630772e-04 -5.78178383e-04 -1.75591769e-03]
 [-5.78178383e-04  1.61372878e-03  8.77372948e-05]
 [-1.75591769e-03  8.77372948e-05  2.37574758e-01]]

----------------------------------------
Timestamp: 2024-11-01 18:36:56
Matriz de Covarianza de la posición:
[[ 7.78630772e-04 -5.78178383e-04 -1.75591769e-03]
 [-5.78178383e-04  1.61372878e-03  8.77372948e-05]
 [-1.75591769e-03  8.77372948e-05  2.37574758e-01]]

----------------------------------------
Timestamp: 2024-11-01 18:37:06
Matriz de Covarianza de la posición:
[[ 7.78630772e-04 -5.78178383e-04 -1.75591769e-03]
 [-5.78178383e-04  1.61372878e-03  8.77372948e-05]
 [-1.75591769e-03  8.77372948e-05  2.37574758e-01]]

----------------------------------------
Timestamp: 2024-11-01 18:37:16
Matriz de Covarianza de la posición:
[[ 7.78630772e-04 -5.78178383e-04 -1.75591769e-03]
 [-5.78178383e-04  1.61372878e-03  8.77372948e-05]
 [-1.75591769e-03  8.77372948e-05  2.37574758e-01]]

----------------------------------------
Timestamp: 2024-11-01 18:37:26
Matriz de Covarianza de la posición:
[[ 7.78630772e-04 -5.78178383e-04 -1.75591769e-03]
 [-5.78178383e-04  1.61372878e-03  8.77372948e-05]
 [-1.75591769e-03  8.77372948e-05  2.37574758e-01]]

----------------------------------------
Timestamp: 2024-11-01 18:37:36
Matriz de Covarianza de la posición:
[[ 7.78630772e-04 -5.78178383e-04 -1.75591769e-03]
 [-5.78178383e-04  1.61372878e-03  8.77372948e-05]
 [-1.75591769e-03  8.77372948e-05  2.37574758e-01]]

----------------------------------------
Timestamp: 2024-11-01 18:37:46
Matriz de Covarianza de la posición:
[[ 7.78630772e-04 -5.78178383e-04 -1.75591769e-03]
 [-5.78178383e-04  1.61372878e-03  8.77372948e-05]
 [-1.75591769e-03  8.77372948e-05  2.37574758e-01]]

----------------------------------------
Timestamp: 2024-11-01 18:37:56
Matriz de Covarianza de la posición:
[[ 7.78630772e-04 -5.78178383e-04 -1.75591769e-03]
 [-5.78178383e-04  1.61372878e-03  8.77372948e-05]
 [-1.75591769e-03  8.77372948e-05  2.37574758e-01]]

----------------------------------------
Timestamp: 2024-11-01 18:38:06
Matriz de Covarianza de la posición:
[[ 7.78630772e-04 -5.78178383e-04 -1.75591769e-03]
 [-5.78178383e-04  1.61372878e-03  8.77372948e-05]
 [-1.75591769e-03  8.77372948e-05  2.37574758e-01]]

----------------------------------------
Timestamp: 2024-11-01 18:38:16
Matriz de Covarianza de la posición:
[[ 7.78630772e-04 -5.78178383e-04 -1.75591769e-03]
 [-5.78178383e-04  1.61372878e-03  8.77372948e-05]
 [-1.75591769e-03  8.77372948e-05  2.37574758e-01]]

----------------------------------------
Timestamp: 2024-11-01 18:38:26
Matriz de Covarianza de la posición:
[[ 7.78630772e-04 -5.78178383e-04 -1.75591769e-03]
 [-5.78178383e-04  1.61372878e-03  8.77372948e-05]
 [-1.75591769e-03  8.77372948e-05  2.37574758e-01]]

----------------------------------------
Timestamp: 2024-11-01 18:38:36
Matriz de Covarianza de la posición:
[[ 7.78630772e-04 -5.78178383e-04 -1.75591769e-03]
 [-5.78178383e-04  1.61372878e-03  8.77372948e-05]
 [-1.75591769e-03  8.77372948e-05  2.37574758e-01]]

----------------------------------------
Timestamp: 2024-11-01 18:38:46
Matriz de Covarianza de la posición:
[[ 7.78630772e-04 -5.78178383e-04 -1.75591769e-03]
 [-5.78178383e-04  1.61372878e-03  8.77372948e-05]
 [-1.75591769e-03  8.77372948e-05  2.37574758e-01]]

----------------------------------------
Timestamp: 2024-11-01 18:38:56
Matriz de Covarianza de la posición:
[[ 7.78630772e-04 -5.78178383e-04 -1.75591769e-03]
 [-5.78178383e-04  1.61372878e-03  8.77372948e-05]
 [-1.75591769e-03  8.77372948e-05  2.37574758e-01]]

----------------------------------------
Timestamp: 2024-11-01 18:39:06
Matriz de Covarianza de la posición:
[[ 7.78630772e-04 -5.78178383e-04 -1.75591769e-03]
 [-5.78178383e-04  1.61372878e-03  8.77372948e-05]
 [-1.75591769e-03  8.77372948e-05  2.37574758e-01]]

----------------------------------------
Timestamp: 2024-11-01 18:39:16
Matriz de Covarianza de la posición:
[[ 7.78630772e-04 -5.78178383e-04 -1.75591769e-03]
 [-5.78178383e-04  1.61372878e-03  8.77372948e-05]
 [-1.75591769e-03  8.77372948e-05  2.37574758e-01]]

----------------------------------------
Timestamp: 2024-11-01 18:39:26
Matriz de Covarianza de la posición:
[[ 7.78630772e-04 -5.78178383e-04 -1.75591769e-03]
 [-5.78178383e-04  1.61372878e-03  8.77372948e-05]
 [-1.75591769e-03  8.77372948e-05  2.37574758e-01]]

----------------------------------------
Timestamp: 2024-11-01 18:39:36
Matriz de Covarianza de la posición:
[[ 7.78630772e-04 -5.78178383e-04 -1.75591769e-03]
 [-5.78178383e-04  1.61372878e-03  8.77372948e-05]
 [-1.75591769e-03  8.77372948e-05  2.37574758e-01]]

----------------------------------------
Timestamp: 2024-11-01 18:39:46
Matriz de Covarianza de la posición:
[[ 7.78630772e-04 -5.78178383e-04 -1.75591769e-03]
 [-5.78178383e-04  1.61372878e-03  8.77372948e-05]
 [-1.75591769e-03  8.77372948e-05  2.37574758e-01]]

----------------------------------------
Timestamp: 2024-11-01 18:39:56
Matriz de Covarianza de la posición:
[[ 7.78630772e-04 -5.78178383e-04 -1.75591769e-03]
 [-5.78178383e-04  1.61372878e-03  8.77372948e-05]
 [-1.75591769e-03  8.77372948e-05  2.37574758e-01]]

----------------------------------------
Timestamp: 2024-11-01 18:40:06
Matriz de Covarianza de la posición:
[[ 7.78630772e-04 -5.78178383e-04 -1.75591769e-03]
 [-5.78178383e-04  1.61372878e-03  8.77372948e-05]
 [-1.75591769e-03  8.77372948e-05  2.37574758e-01]]

----------------------------------------
Timestamp: 2024-11-01 18:40:16
Matriz de Covarianza de la posición:
[[ 7.78630772e-04 -5.78178383e-04 -1.75591769e-03]
 [-5.78178383e-04  1.61372878e-03  8.77372948e-05]
 [-1.75591769e-03  8.77372948e-05  2.37574758e-01]]

----------------------------------------
Timestamp: 2024-11-01 18:40:26
Matriz de Covarianza de la posición:
[[ 7.78630772e-04 -5.78178383e-04 -1.75591769e-03]
 [-5.78178383e-04  1.61372878e-03  8.77372948e-05]
 [-1.75591769e-03  8.77372948e-05  2.37574758e-01]]

----------------------------------------
Timestamp: 2024-11-01 18:40:36
Matriz de Covarianza de la posición:
[[ 7.78630772e-04 -5.78178383e-04 -1.75591769e-03]
 [-5.78178383e-04  1.61372878e-03  8.77372948e-05]
 [-1.75591769e-03  8.77372948e-05  2.37574758e-01]]

----------------------------------------
Timestamp: 2024-11-01 18:40:46
Matriz de Covarianza de la posición:
[[ 7.78630772e-04 -5.78178383e-04 -1.75591769e-03]
 [-5.78178383e-04  1.61372878e-03  8.77372948e-05]
 [-1.75591769e-03  8.77372948e-05  2.37574758e-01]]

----------------------------------------
Timestamp: 2024-11-01 18:40:56
Matriz de Covarianza de la posición:
[[ 7.78630772e-04 -5.78178383e-04 -1.75591769e-03]
 [-5.78178383e-04  1.61372878e-03  8.77372948e-05]
 [-1.75591769e-03  8.77372948e-05  2.37574758e-01]]

----------------------------------------
Timestamp: 2024-11-01 18:41:06
Matriz de Covarianza de la posición:
[[ 7.78630772e-04 -5.78178383e-04 -1.75591769e-03]
 [-5.78178383e-04  1.61372878e-03  8.77372948e-05]
 [-1.75591769e-03  8.77372948e-05  2.37574758e-01]]

----------------------------------------
Timestamp: 2024-11-01 18:41:16
Matriz de Covarianza de la posición:
[[ 7.78630772e-04 -5.78178383e-04 -1.75591769e-03]
 [-5.78178383e-04  1.61372878e-03  8.77372948e-05]
 [-1.75591769e-03  8.77372948e-05  2.37574758e-01]]

----------------------------------------
Timestamp: 2024-11-01 18:41:26
Matriz de Covarianza de la posición:
[[ 7.78630772e-04 -5.78178383e-04 -1.75591769e-03]
 [-5.78178383e-04  1.61372878e-03  8.77372948e-05]
 [-1.75591769e-03  8.77372948e-05  2.37574758e-01]]

----------------------------------------
Timestamp: 2024-11-01 18:41:36
Matriz de Covarianza de la posición:
[[ 7.78630772e-04 -5.78178383e-04 -1.75591769e-03]
 [-5.78178383e-04  1.61372878e-03  8.77372948e-05]
 [-1.75591769e-03  8.77372948e-05  2.37574758e-01]]

----------------------------------------
Timestamp: 2024-11-01 18:41:46
Matriz de Covarianza de la posición:
[[ 7.78630772e-04 -5.78178383e-04 -1.75591769e-03]
 [-5.78178383e-04  1.61372878e-03  8.77372948e-05]
 [-1.75591769e-03  8.77372948e-05  2.37574758e-01]]

----------------------------------------
Timestamp: 2024-11-01 18:41:56
Matriz de Covarianza de la posición:
[[ 7.78630772e-04 -5.78178383e-04 -1.75591769e-03]
 [-5.78178383e-04  1.61372878e-03  8.77372948e-05]
 [-1.75591769e-03  8.77372948e-05  2.37574758e-01]]

----------------------------------------
Timestamp: 2024-11-01 18:42:06
Matriz de Covarianza de la posición:
[[ 7.78630772e-04 -5.78178383e-04 -1.75591769e-03]
 [-5.78178383e-04  1.61372878e-03  8.77372948e-05]
 [-1.75591769e-03  8.77372948e-05  2.37574758e-01]]

----------------------------------------
Timestamp: 2024-11-01 18:42:16
Matriz de Covarianza de la posición:
[[ 7.78630772e-04 -5.78178383e-04 -1.75591769e-03]
 [-5.78178383e-04  1.61372878e-03  8.77372948e-05]
 [-1.75591769e-03  8.77372948e-05  2.37574758e-01]]

----------------------------------------
Timestamp: 2024-11-01 18:42:26
Matriz de Covarianza de la posición:
[[ 7.78630772e-04 -5.78178383e-04 -1.75591769e-03]
 [-5.78178383e-04  1.61372878e-03  8.77372948e-05]
 [-1.75591769e-03  8.77372948e-05  2.37574758e-01]]

----------------------------------------
Timestamp: 2024-11-01 18:42:36
Matriz de Covarianza de la posición:
[[ 7.78630772e-04 -5.78178383e-04 -1.75591769e-03]
 [-5.78178383e-04  1.61372878e-03  8.77372948e-05]
 [-1.75591769e-03  8.77372948e-05  2.37574758e-01]]

----------------------------------------
Timestamp: 2024-11-01 18:42:46
Matriz de Covarianza de la posición:
[[ 7.78630772e-04 -5.78178383e-04 -1.75591769e-03]
 [-5.78178383e-04  1.61372878e-03  8.77372948e-05]
 [-1.75591769e-03  8.77372948e-05  2.37574758e-01]]

----------------------------------------
Timestamp: 2024-11-01 18:42:56
Matriz de Covarianza de la posición:
[[ 7.78630772e-04 -5.78178383e-04 -1.75591769e-03]
 [-5.78178383e-04  1.61372878e-03  8.77372948e-05]
 [-1.75591769e-03  8.77372948e-05  2.37574758e-01]]

----------------------------------------
Timestamp: 2024-11-01 18:43:06
Matriz de Covarianza de la posición:
[[ 7.78630772e-04 -5.78178383e-04 -1.75591769e-03]
 [-5.78178383e-04  1.61372878e-03  8.77372948e-05]
 [-1.75591769e-03  8.77372948e-05  2.37574758e-01]]

----------------------------------------
Timestamp: 2024-11-01 18:43:16
Matriz de Covarianza de la posición:
[[ 7.78630772e-04 -5.78178383e-04 -1.75591769e-03]
 [-5.78178383e-04  1.61372878e-03  8.77372948e-05]
 [-1.75591769e-03  8.77372948e-05  2.37574758e-01]]

----------------------------------------
Timestamp: 2024-11-01 18:43:26
Matriz de Covarianza de la posición:
[[ 7.78630772e-04 -5.78178383e-04 -1.75591769e-03]
 [-5.78178383e-04  1.61372878e-03  8.77372948e-05]
 [-1.75591769e-03  8.77372948e-05  2.37574758e-01]]

----------------------------------------
Timestamp: 2024-11-01 18:43:36
Matriz de Covarianza de la posición:
[[ 7.78630772e-04 -5.78178383e-04 -1.75591769e-03]
 [-5.78178383e-04  1.61372878e-03  8.77372948e-05]
 [-1.75591769e-03  8.77372948e-05  2.37574758e-01]]

----------------------------------------
Timestamp: 2024-11-01 18:43:46
Matriz de Covarianza de la posición:
[[ 7.78630772e-04 -5.78178383e-04 -1.75591769e-03]
 [-5.78178383e-04  1.61372878e-03  8.77372948e-05]
 [-1.75591769e-03  8.77372948e-05  2.37574758e-01]]

----------------------------------------
Timestamp: 2024-11-01 18:43:56
Matriz de Covarianza de la posición:
[[ 7.78630772e-04 -5.78178383e-04 -1.75591769e-03]
 [-5.78178383e-04  1.61372878e-03  8.77372948e-05]
 [-1.75591769e-03  8.77372948e-05  2.37574758e-01]]

----------------------------------------
Timestamp: 2024-11-01 18:44:06
Matriz de Covarianza de la posición:
[[ 7.78630772e-04 -5.78178383e-04 -1.75591769e-03]
 [-5.78178383e-04  1.61372878e-03  8.77372948e-05]
 [-1.75591769e-03  8.77372948e-05  2.37574758e-01]]

----------------------------------------
Timestamp: 2024-11-01 18:44:16
Matriz de Covarianza de la posición:
[[ 7.78630772e-04 -5.78178383e-04 -1.75591769e-03]
 [-5.78178383e-04  1.61372878e-03  8.77372948e-05]
 [-1.75591769e-03  8.77372948e-05  2.37574758e-01]]

----------------------------------------
Timestamp: 2024-11-01 18:44:26
Matriz de Covarianza de la posición:
[[ 7.78630772e-04 -5.78178383e-04 -1.75591769e-03]
 [-5.78178383e-04  1.61372878e-03  8.77372948e-05]
 [-1.75591769e-03  8.77372948e-05  2.37574758e-01]]

----------------------------------------
Timestamp: 2024-11-01 18:44:36
Matriz de Covarianza de la posición:
[[ 7.78630772e-04 -5.78178383e-04 -1.75591769e-03]
 [-5.78178383e-04  1.61372878e-03  8.77372948e-05]
 [-1.75591769e-03  8.77372948e-05  2.37574758e-01]]

----------------------------------------
Timestamp: 2024-11-01 18:44:46
Matriz de Covarianza de la posición:
[[ 7.78630772e-04 -5.78178383e-04 -1.75591769e-03]
 [-5.78178383e-04  1.61372878e-03  8.77372948e-05]
 [-1.75591769e-03  8.77372948e-05  2.37574758e-01]]

----------------------------------------
Timestamp: 2024-11-01 18:44:56
Matriz de Covarianza de la posición:
[[ 7.78630772e-04 -5.78178383e-04 -1.75591769e-03]
 [-5.78178383e-04  1.61372878e-03  8.77372948e-05]
 [-1.75591769e-03  8.77372948e-05  2.37574758e-01]]

----------------------------------------
Timestamp: 2024-11-01 18:45:06
Matriz de Covarianza de la posición:
[[ 7.78630772e-04 -5.78178383e-04 -1.75591769e-03]
 [-5.78178383e-04  1.61372878e-03  8.77372948e-05]
 [-1.75591769e-03  8.77372948e-05  2.37574758e-01]]

----------------------------------------
Timestamp: 2024-11-01 18:45:16
Matriz de Covarianza de la posición:
[[ 7.78630772e-04 -5.78178383e-04 -1.75591769e-03]
 [-5.78178383e-04  1.61372878e-03  8.77372948e-05]
 [-1.75591769e-03  8.77372948e-05  2.37574758e-01]]

----------------------------------------
Timestamp: 2024-11-01 18:45:26
Matriz de Covarianza de la posición:
[[ 7.78630772e-04 -5.78178383e-04 -1.75591769e-03]
 [-5.78178383e-04  1.61372878e-03  8.77372948e-05]
 [-1.75591769e-03  8.77372948e-05  2.37574758e-01]]

----------------------------------------
Timestamp: 2024-11-01 18:45:36
Matriz de Covarianza de la posición:
[[ 7.78630772e-04 -5.78178383e-04 -1.75591769e-03]
 [-5.78178383e-04  1.61372878e-03  8.77372948e-05]
 [-1.75591769e-03  8.77372948e-05  2.37574758e-01]]

----------------------------------------
Timestamp: 2024-11-01 18:45:46
Matriz de Covarianza de la posición:
[[ 7.78630772e-04 -5.78178383e-04 -1.75591769e-03]
 [-5.78178383e-04  1.61372878e-03  8.77372948e-05]
 [-1.75591769e-03  8.77372948e-05  2.37574758e-01]]

----------------------------------------
Timestamp: 2024-11-01 18:45:56
Matriz de Covarianza de la posición:
[[ 7.78630772e-04 -5.78178383e-04 -1.75591769e-03]
 [-5.78178383e-04  1.61372878e-03  8.77372948e-05]
 [-1.75591769e-03  8.77372948e-05  2.37574758e-01]]

----------------------------------------
Timestamp: 2024-11-01 18:46:06
Matriz de Covarianza de la posición:
[[ 7.78630772e-04 -5.78178383e-04 -1.75591769e-03]
 [-5.78178383e-04  1.61372878e-03  8.77372948e-05]
 [-1.75591769e-03  8.77372948e-05  2.37574758e-01]]

----------------------------------------
Timestamp: 2024-11-01 18:46:16
Matriz de Covarianza de la posición:
[[ 7.78630772e-04 -5.78178383e-04 -1.75591769e-03]
 [-5.78178383e-04  1.61372878e-03  8.77372948e-05]
 [-1.75591769e-03  8.77372948e-05  2.37574758e-01]]

----------------------------------------
Timestamp: 2024-11-01 18:46:26
Matriz de Covarianza de la posición:
[[ 7.78630772e-04 -5.78178383e-04 -1.75591769e-03]
 [-5.78178383e-04  1.61372878e-03  8.77372948e-05]
 [-1.75591769e-03  8.77372948e-05  2.37574758e-01]]

----------------------------------------
Timestamp: 2024-11-01 18:46:36
Matriz de Covarianza de la posición:
[[ 7.78630772e-04 -5.78178383e-04 -1.75591769e-03]
 [-5.78178383e-04  1.61372878e-03  8.77372948e-05]
 [-1.75591769e-03  8.77372948e-05  2.37574758e-01]]

----------------------------------------
Timestamp: 2024-11-01 18:46:46
Matriz de Covarianza de la posición:
[[ 7.78630772e-04 -5.78178383e-04 -1.75591769e-03]
 [-5.78178383e-04  1.61372878e-03  8.77372948e-05]
 [-1.75591769e-03  8.77372948e-05  2.37574758e-01]]

----------------------------------------
Timestamp: 2024-11-01 18:46:56
Matriz de Covarianza de la posición:
[[ 7.78630772e-04 -5.78178383e-04 -1.75591769e-03]
 [-5.78178383e-04  1.61372878e-03  8.77372948e-05]
 [-1.75591769e-03  8.77372948e-05  2.37574758e-01]]

----------------------------------------
Timestamp: 2024-11-01 18:47:06
Matriz de Covarianza de la posición:
[[ 7.78630772e-04 -5.78178383e-04 -1.75591769e-03]
 [-5.78178383e-04  1.61372878e-03  8.77372948e-05]
 [-1.75591769e-03  8.77372948e-05  2.37574758e-01]]

----------------------------------------
Timestamp: 2024-11-01 18:47:16
Matriz de Covarianza de la posición:
[[ 7.78630772e-04 -5.78178383e-04 -1.75591769e-03]
 [-5.78178383e-04  1.61372878e-03  8.77372948e-05]
 [-1.75591769e-03  8.77372948e-05  2.37574758e-01]]

----------------------------------------
Timestamp: 2024-11-01 18:47:26
Matriz de Covarianza de la posición:
[[ 7.78630772e-04 -5.78178383e-04 -1.75591769e-03]
 [-5.78178383e-04  1.61372878e-03  8.77372948e-05]
 [-1.75591769e-03  8.77372948e-05  2.37574758e-01]]

----------------------------------------
Timestamp: 2024-11-01 18:47:36
Matriz de Covarianza de la posición:
[[ 7.78630772e-04 -5.78178383e-04 -1.75591769e-03]
 [-5.78178383e-04  1.61372878e-03  8.77372948e-05]
 [-1.75591769e-03  8.77372948e-05  2.37574758e-01]]

----------------------------------------
Timestamp: 2024-11-01 18:47:46
Matriz de Covarianza de la posición:
[[ 7.78630772e-04 -5.78178383e-04 -1.75591769e-03]
 [-5.78178383e-04  1.61372878e-03  8.77372948e-05]
 [-1.75591769e-03  8.77372948e-05  2.37574758e-01]]

----------------------------------------
Timestamp: 2024-11-01 18:47:56
Matriz de Covarianza de la posición:
[[ 7.78630772e-04 -5.78178383e-04 -1.75591769e-03]
 [-5.78178383e-04  1.61372878e-03  8.77372948e-05]
 [-1.75591769e-03  8.77372948e-05  2.37574758e-01]]

----------------------------------------
Timestamp: 2024-11-01 18:48:06
Matriz de Covarianza de la posición:
[[ 7.78630772e-04 -5.78178383e-04 -1.75591769e-03]
 [-5.78178383e-04  1.61372878e-03  8.77372948e-05]
 [-1.75591769e-03  8.77372948e-05  2.37574758e-01]]

----------------------------------------
Timestamp: 2024-11-01 18:48:16
Matriz de Covarianza de la posición:
[[ 7.78630772e-04 -5.78178383e-04 -1.75591769e-03]
 [-5.78178383e-04  1.61372878e-03  8.77372948e-05]
 [-1.75591769e-03  8.77372948e-05  2.37574758e-01]]

----------------------------------------
Timestamp: 2024-11-01 18:48:26
Matriz de Covarianza de la posición:
[[ 7.78630772e-04 -5.78178383e-04 -1.75591769e-03]
 [-5.78178383e-04  1.61372878e-03  8.77372948e-05]
 [-1.75591769e-03  8.77372948e-05  2.37574758e-01]]

----------------------------------------
Timestamp: 2024-11-01 18:48:36
Matriz de Covarianza de la posición:
[[ 7.78630772e-04 -5.78178383e-04 -1.75591769e-03]
 [-5.78178383e-04  1.61372878e-03  8.77372948e-05]
 [-1.75591769e-03  8.77372948e-05  2.37574758e-01]]

----------------------------------------
Timestamp: 2024-11-01 18:48:46
Matriz de Covarianza de la posición:
[[ 7.78630772e-04 -5.78178383e-04 -1.75591769e-03]
 [-5.78178383e-04  1.61372878e-03  8.77372948e-05]
 [-1.75591769e-03  8.77372948e-05  2.37574758e-01]]

----------------------------------------
Timestamp: 2024-11-01 18:48:56
Matriz de Covarianza de la posición:
[[ 7.78630772e-04 -5.78178383e-04 -1.75591769e-03]
 [-5.78178383e-04  1.61372878e-03  8.77372948e-05]
 [-1.75591769e-03  8.77372948e-05  2.37574758e-01]]

----------------------------------------
Timestamp: 2024-11-01 18:49:06
Matriz de Covarianza de la posición:
[[ 7.78630772e-04 -5.78178383e-04 -1.75591769e-03]
 [-5.78178383e-04  1.61372878e-03  8.77372948e-05]
 [-1.75591769e-03  8.77372948e-05  2.37574758e-01]]

----------------------------------------
Timestamp: 2024-11-01 18:49:16
Matriz de Covarianza de la posición:
[[ 7.78630772e-04 -5.78178383e-04 -1.75591769e-03]
 [-5.78178383e-04  1.61372878e-03  8.77372948e-05]
 [-1.75591769e-03  8.77372948e-05  2.37574758e-01]]

----------------------------------------
Timestamp: 2024-11-01 18:49:26
Matriz de Covarianza de la posición:
[[ 7.78630772e-04 -5.78178383e-04 -1.75591769e-03]
 [-5.78178383e-04  1.61372878e-03  8.77372948e-05]
 [-1.75591769e-03  8.77372948e-05  2.37574758e-01]]

----------------------------------------
Timestamp: 2024-11-01 18:49:36
Matriz de Covarianza de la posición:
[[ 7.78630772e-04 -5.78178383e-04 -1.75591769e-03]
 [-5.78178383e-04  1.61372878e-03  8.77372948e-05]
 [-1.75591769e-03  8.77372948e-05  2.37574758e-01]]

----------------------------------------
Timestamp: 2024-11-01 18:49:46
Matriz de Covarianza de la posición:
[[ 7.78630772e-04 -5.78178383e-04 -1.75591769e-03]
 [-5.78178383e-04  1.61372878e-03  8.77372948e-05]
 [-1.75591769e-03  8.77372948e-05  2.37574758e-01]]

----------------------------------------
Timestamp: 2024-11-01 18:49:56
Matriz de Covarianza de la posición:
[[ 7.78630772e-04 -5.78178383e-04 -1.75591769e-03]
 [-5.78178383e-04  1.61372878e-03  8.77372948e-05]
 [-1.75591769e-03  8.77372948e-05  2.37574758e-01]]

----------------------------------------
Timestamp: 2024-11-01 18:50:06
Matriz de Covarianza de la posición:
[[ 7.78630772e-04 -5.78178383e-04 -1.75591769e-03]
 [-5.78178383e-04  1.61372878e-03  8.77372948e-05]
 [-1.75591769e-03  8.77372948e-05  2.37574758e-01]]

----------------------------------------
Timestamp: 2024-11-01 18:50:16
Matriz de Covarianza de la posición:
[[ 7.78630772e-04 -5.78178383e-04 -1.75591769e-03]
 [-5.78178383e-04  1.61372878e-03  8.77372948e-05]
 [-1.75591769e-03  8.77372948e-05  2.37574758e-01]]

----------------------------------------
Timestamp: 2024-11-01 18:50:26
Matriz de Covarianza de la posición:
[[ 7.78630772e-04 -5.78178383e-04 -1.75591769e-03]
 [-5.78178383e-04  1.61372878e-03  8.77372948e-05]
 [-1.75591769e-03  8.77372948e-05  2.37574758e-01]]

----------------------------------------
Timestamp: 2024-11-01 18:50:36
Matriz de Covarianza de la posición:
[[ 7.78630772e-04 -5.78178383e-04 -1.75591769e-03]
 [-5.78178383e-04  1.61372878e-03  8.77372948e-05]
 [-1.75591769e-03  8.77372948e-05  2.37574758e-01]]

----------------------------------------
Timestamp: 2024-11-01 18:50:46
Matriz de Covarianza de la posición:
[[ 7.78630772e-04 -5.78178383e-04 -1.75591769e-03]
 [-5.78178383e-04  1.61372878e-03  8.77372948e-05]
